122.01
133.635
145.065
156.605
167.935
179.465
88.65
99.905
111.41
122.52
133.9
145.425
156.9
168.43
179.92
191.465
144.95
156.515
167.965
180.495
191.09
100.185
111.01
77.02
133.39
145.76
156.895
168.1
179.415
190.9
100.455
114.155
125.165
136.755
179.35
94.22
168.885
179.905
191.47
100.47
111.915
178.5
134.395
145.415
156.91
78.3
202.5
190.98
99.94
111.6
122.945
134.48
145.87
156.895
168.395
80.565
88.915
100.59
111.47
122.98
134.905
105.975
157.33
169.39
180.03
191.595
100.65
112.065
123.97
136.42
168.15
158.435
169.995
181.4
90.46
103.035
119.75
125.155
137.75
147.99
159.4
171.055
182.475
91.39
103.255
115.85
125.44
136.97
76.965
159.705
170.92
141.41
193.4
146.95
113.895
125.775
136.895
148.43
159.945
170.93
