0.014
0.0265
0.034
0.0205
0.017
0.037
0.082
0.025
0.016
0.024
0.0165
0.0385
0.023
0.02
0.027
0.018
0.017
0.047
0.0175
0.017
0.072
0.083
0.0345
0.04
0.022
0.0215
0.036
0.0325
0.0295
0.0365
0.0335
0.019
0.0205
0.021
0.0375
0.0505
0.0195
0.025
0.0305
0.0235
0.0405
0.0165
0.0205
0.0265
0.0135
0.0135
0.0245
0.027
0.025
0.0395
0.0365
0.0245
0.0255
0.016
0.027
0.022
0.057
0.0285
0.0305
0.0405
0.031
0.043
0.039
0.0215
0.023
0.036
0.0205
0.0375
0.0265
0.0205
0.0215
0.0355
0.0245
0.0335
0.0375
0.0235
0.036
0.0365
0.0345
0.04
0.028
0.0375
0.036
0.0405
0.043
0.025
0.0335
0.0275
0.0435
0.0285
0.041
0.0375
0.03
0.0445
0.037
0.037
0.0355
0.04
0.0395
0.03
