2.01
2.135
2.065
2.105
1.935
1.965
2.15
1.905
1.91
2.02
1.9
1.925
1.9
1.93
1.92
1.965
1.95
2.015
1.965
2.995
2.09
2.185
2.01
2.02
1.89
2.76
1.895
2.1
1.915
1.9
1.955
4.155
4.165
4.255
35.35
4.22
1.885
1.905
1.97
1.97
1.915
57.5
1.895
1.915
1.91
2.3
25
1.98
1.94
2.1
1.945
1.98
1.87
1.895
1.895
3.065
1.915
2.09
1.97
1.98
2.405
1.975
2.33
2.89
2.03
2.095
2.15
2.065
1.97
2.92
23.15
1.935
1.995
1.9
1.96
3.035
8.25
2.155
3.25
1.99
1.9
2.055
1.975
1.89
2.255
3.35
1.94
1.97
2.465
2.205
1.92
1.91
1.9
46.45
1.895
2.275
1.895
1.93
1.945
1.93
